1.29 4.04 6.64 9.66 12.42 15.61 18.33 21.31 24.04 26.94 29.98
1.61 7.13 11.36 13.45 16.8 18.28 22.51 24.4 27.11 0.0 0.0
1.41 4.18 4.31 7.08 9.93 12.86 15.73 18.56 21.51 42.36 0.0
1.93 7.12 10.13 12.93 15.58 18.76 21.46 0.0 0.0 0.0 0.0
1.3 4.01 5.73 6.94 9.79 12.71 0.0 0.0 0.0 0.0 0.0
2.14 6.48 14.16 20.65 23.23 0.0 0.0 0.0 0.0 0.0 0.0
1.73 4.46 7.23 10.03 12.98 15.78 0.0 0.0 0.0 0.0 0.0
1.78 4.51 7.35 10.36 13.08 16.11 18.98 21.86 0.0 0.0 0.0
1.44 4.31 7.18 10.08 12.93 15.86 18.66 21.55 24.43 0.0 0.0
4.21 7.23 10.11 12.95 15.86 18.6 21.54 0.0 0.0 0.0 0.0
1.23 4.03 6.89 9.69 12.64 15.45 18.36 21.25 26.93 29.86 0.0
1.26 4.11 7.91 9.9 12.76 15.66 18.51 21.43 24.33 0.0 0.0
1.18 7.15 9.3 12.39 15.06 17.98 19.63 20.88 23.61 24.81 0.0
0.76 3.29 5.02 7.57 10.42 13.19 16.39 18.12 0.0 0.0 0.0
1.46 3.85 6.6 9.55 12.33 15.36 18.2 21.03 23.9 26.83 0.0
1.63 0.0 4.06 6.93 9.85 12.88 15.76 18.46 21.41 0.0 0.0
1.33 3.95 6.98 9.83 12.75 15.53 18.55 21.25 24.16 0.0 0.0
1.54 4.41 7.36 10.11 13.01 15.93 18.85 21.65 0.0 0.0 0.0
1.38 4.06 6.08 9.86 12.71 15.68 18.5 21.31 0.0 0.0 0.0
1.18 3.93 6.86 9.76 12.43 15.55 18.31 21.28 24.02 0.0 0.0
1.55 4.39 7.26 10.18 13.03 16.03 18.78 21.61 24.58 27.48 0.0
1.49 7.21 10.04 12.99 15.84 18.75 21.63 24.5 0.0 0.0 0.0
2.21 4.76 10.41 13.24 0.0 0.0 0.0 0.0 0.0 0.0 0.0
3.59 4.38 8.35 11.44 14.3 17.18 19.53 22.48 25.41 0.0 0.0
2.48 4.51 7.3 10.28 13.31 16.01 19.06 21.81 24.63 0.0 0.0
1.21 4.11 6.93 9.84 12.66 15.6 18.43 21.3 24.11 0.0 0.0
1.68 4.63 7.53 10.68 13.26 16.15 19.13 22.21 24.81 27.6 32.24
1.18 4.91 6.85 9.96 12.37 15.55 18.43 21.38 23.95 0.0 0.0
1.06 3.88 9.56 12.45 15.31 18.31 21.11 24.08 26.96 29.9 32.81
1.63 4.53 7.19 10.01 12.88 15.88 18.89 21.81 0.0 0.0 0.0
1.23 3.94 6.86 9.78 12.71 15.57 18.51 21.3 24.1 0.0 0.0
4.64 7.56 12.68 15.48 24.48 27.96 30.63 33.15 35.35 0.0 0.0
1.81 4.46 7.38 10.06 13.08 15.93 18.85 21.86 24.45 0.0 0.0
1.26 4.14 6.99 9.84 12.69 15.9 18.28 21.28 24.22 0.0 0.0
1.63 4.13 6.98 9.78 12.68 15.6 18.65 21.31 24.05 0.0 0.0
5.37 9.52 12.57 18.42 21.06 23.91 26.77 30.17 33.26 0.0 0.0
1.2 4.07 6.87 9.76 12.55 15.56 18.45 21.32 24.18 0.0 0.0
1.51 4.06 7.06 9.9 12.66 15.4 15.58 18.56 21.38 24.36 0.0
1.59 4.31 7.2 10.04 12.94 15.85 18.7 21.61 24.45 0.0 0.0
1.65 4.41 7.22 13.08 15.94 18.8 21.78 24.54 0.0 0.0 0.0
1.22 4.2 6.98 9.78 12.8 15.62 18.36 21.32 24.18 0.0 0.0
1.11 4.01 6.85 9.78 12.45 15.51 18.23 21.21 24.03 0.0 0.0
1.64 5.09 7.58 10.06 12.88 15.65 18.75 21.46 24.33 0.0 0.0
4.35 7.38 10.18 12.88 15.93 21.35 21.63 24.48 0.0 0.0 0.0
3.72 6.47 9.46 12.21 15.19 18.03 0.0 0.0 0.0 0.0 0.0
1.36 4.03 7.01 9.58 12.85 15.65 18.66 21.31 24.35 0.0 0.0
1.16 3.93 7.13 10.01 12.9 15.65 18.7 24.13 0.0 0.0 0.0
1.96 4.38 7.53 10.18 12.88 15.8 18.55 21.71 24.45 0.0 0.0
1.76 4.48 7.15 10.01 12.81 15.65 18.48 21.33 24.48 0.0 0.0
1.23 3.88 6.71 9.85 12.58 15.5 18.43 21.41 0.0 0.0 0.0
4.03 6.96 9.85 12.68 15.51 18.36 21.23 24.2 26.93 0.0 0.0
1.66 3.56 4.03 7.21 10.11 13.11 15.78 18.65 21.58 24.43 0.0
1.89 4.5 7.26 10.25 13.18 16.06 18.98 21.68 0.0 0.0 0.0
2.03 4.14 6.91 10.13 12.73 15.81 18.63 21.5 24.4 27.03 0.0
1.48 4.08 6.91 9.93 12.74 15.75 18.51 21.64 24.19 0.0 0.0
1.08 3.44 6.69 9.55 12.35 15.21 18.28 20.83 22.91 0.0 0.0
2.0 4.47 7.43 10.19 13.28 15.97 18.97 21.71 24.83 0.0 0.0
2.39 6.35 10.85 11.08 13.33 16.26 19.01 21.73 24.8 0.0 0.0
